3 0.800781 0.292187 0.022656 0.074219
3 0.830469 0.345313 0.026562 0.074219
3 0.806250 0.595313 0.025000 0.087500
3 0.808594 0.662500 0.012500 0.058594
3 0.792188 0.716406 0.017969 0.099219
3 0.807031 0.771094 0.018750 0.075781
3 0.842187 0.788281 0.021094 0.071875
3 0.918750 0.748437 0.014063 0.070312
3 0.888281 0.793750 0.026562 0.062500
3 0.355469 0.375000 0.016406 0.028906
3 0.366406 0.393750 0.010156 0.031250
3 0.360156 0.482812 0.017969 0.032813
3 0.353906 0.528125 0.010156 0.035156
3 0.359375 0.546094 0.014063 0.035156
2 0.418794 0.607615 0.195787 0.078321
