4 0.197656 0.549219 0.071094 0.057813
4 0.240625 0.309375 0.036719 0.036719
4 0.291406 0.143750 0.028125 0.039844
4 0.338281 0.143750 0.028125 0.039844
4 0.288281 0.210938 0.026562 0.036719
4 0.309375 0.239844 0.032031 0.036719
4 0.298438 0.310937 0.042188 0.032813
4 0.307031 0.361719 0.038281 0.047656
4 0.324219 0.561719 0.052344 0.039844
4 0.380469 0.539844 0.048438 0.047656
4 0.346875 0.420312 0.026562 0.032813
4 0.352344 0.474219 0.036719 0.032813
4 0.427344 0.525781 0.057031 0.039844
4 0.447656 0.571094 0.060937 0.036719
4 0.472656 0.182031 0.030469 0.028906
4 0.475000 0.201563 0.022656 0.032813
4 0.475000 0.249219 0.030469 0.032813
4 0.470313 0.278125 0.034375 0.039844
4 0.522656 0.282031 0.044531 0.061719
4 0.472656 0.360156 0.030469 0.043750
4 0.470313 0.396094 0.038281 0.043750
4 0.611719 0.234375 0.028125 0.039844
4 0.606250 0.301563 0.034375 0.050781
4 0.591406 0.472656 0.060937 0.057813
4 0.514844 0.543750 0.026562 0.032813
4 0.708594 0.454688 0.036719 0.050781
4 0.670312 0.087500 0.020313 0.021875
4 0.667188 0.114844 0.022656 0.032813
4 0.670312 0.161719 0.020313 0.025781
4 0.670312 0.257812 0.024219 0.028906
4 0.642969 0.331250 0.017969 0.028906
4 0.660937 0.343750 0.026562 0.032813
4 0.657813 0.383594 0.036719 0.032813
4 0.752344 0.343750 0.034375 0.039844
4 0.749219 0.383594 0.032031 0.039844
4 0.839844 0.363281 0.036719 0.050781
4 0.796875 0.416406 0.038281 0.068750
4 0.657031 0.521875 0.034375 0.054688
4 0.696094 0.557813 0.048438 0.039844
4 0.736719 0.527344 0.040625 0.043750
4 0.800781 0.517969 0.046875 0.047656
4 0.714844 0.609375 0.060937 0.047656
4 0.963281 0.356250 0.040625 0.057813
4 0.955469 0.476562 0.032031 0.050781
4 0.817969 0.139844 0.024219 0.047656
4 0.873437 0.238281 0.030469 0.039844
