3 0.025781 0.801562 0.032031 0.031250
3 0.099219 0.833594 0.039844 0.043750
3 0.282031 0.739062 0.037500 0.037500
3 0.271094 0.819531 0.043750 0.046875
3 0.343750 0.657031 0.045312 0.043750
3 0.388281 0.754687 0.039844 0.037500
3 0.410156 0.830469 0.047656 0.050000
3 0.423438 0.638281 0.047656 0.037500
3 0.457813 0.514062 0.032031 0.028125
3 0.478906 0.535937 0.039844 0.034375
3 0.454688 0.603906 0.025781 0.025000
3 0.484375 0.566406 0.021875 0.025000
3 0.496094 0.582031 0.025781 0.031250
3 0.471094 0.655469 0.032031 0.021875
3 0.492188 0.667969 0.033594 0.034375
3 0.525781 0.467187 0.025781 0.040625
3 0.533594 0.493750 0.025781 0.025000
3 0.528906 0.543750 0.032031 0.031250
3 0.496094 0.622656 0.025781 0.031250
3 0.530469 0.600781 0.027344 0.031250
3 0.744531 0.457813 0.035937 0.028125
3 0.810937 0.460938 0.049219 0.046875
3 0.897656 0.375781 0.029687 0.034375
3 0.955469 0.416406 0.037500 0.040625
3 0.754687 0.578906 0.035937 0.025000
3 0.893750 0.467187 0.033594 0.034375
0 0.511933 0.553101 0.230818 0.207171
