3 0.171875 0.190625 0.056250 0.215625
3 0.360938 0.140625 0.199219 0.170313
3 0.630469 0.182812 0.145313 0.220312
3 0.793750 0.196875 0.082031 0.268750
3 0.165625 0.518750 0.087500 0.159375
3 0.328906 0.505469 0.078125 0.225781
3 0.478906 0.502344 0.075000 0.231250
3 0.640625 0.499219 0.070312 0.231250
3 0.736719 0.503125 0.034375 0.257031
3 0.892188 0.501563 0.066406 0.190625
3 0.151562 0.805469 0.053125 0.250000
3 0.319531 0.845313 0.157031 0.190625
3 0.500781 0.796875 0.094531 0.264062
3 0.757031 0.759375 0.326562 0.178906
