4 0.575000 0.239063 0.010156 0.057031
4 0.587500 0.195312 0.017188 0.037500
4 0.607812 0.191406 0.018750 0.039062
4 0.615625 0.417187 0.017188 0.102344
4 0.609375 0.264844 0.010937 0.037500
4 0.645312 0.197656 0.018750 0.035937
4 0.624219 0.307031 0.012500 0.043750
4 0.639844 0.292969 0.010937 0.051562
4 0.647656 0.321094 0.010156 0.048438
4 0.658594 0.350000 0.012500 0.061719
4 0.683594 0.247656 0.010937 0.048438
4 0.689844 0.212500 0.010937 0.045312
4 0.671875 0.426563 0.014063 0.064844
4 0.657031 0.435156 0.007812 0.069531
4 0.676562 0.359375 0.014063 0.050000
4 0.751563 0.230469 0.012500 0.045312
4 0.690625 0.400000 0.010156 0.081250
4 0.720313 0.498437 0.012500 0.043750
4 0.706250 0.454688 0.010937 0.050000
4 0.713281 0.311719 0.016406 0.069531
4 0.762500 0.405469 0.017188 0.055469
4 0.790625 0.321094 0.012500 0.074219
4 0.807813 0.371875 0.013281 0.069531
4 0.771875 0.477344 0.012500 0.063281
4 0.766406 0.335938 0.017188 0.053125
4 0.728906 0.396875 0.013281 0.045312
4 0.696875 0.542969 0.017188 0.074219
4 0.214062 0.820312 0.015625 0.071094
4 0.190625 0.717969 0.012500 0.039062
4 0.258594 0.799219 0.010937 0.058594
4 0.235937 0.773438 0.016406 0.051562
4 0.275781 0.884375 0.010156 0.040625
4 0.314844 0.759375 0.010937 0.053125
4 0.255469 0.707031 0.016406 0.055469
4 0.296875 0.811719 0.010156 0.045312
4 0.317969 0.828125 0.018750 0.048438
4 0.232813 0.703125 0.016406 0.042188
4 0.285156 0.747656 0.015625 0.050000
