3 0.248438 0.391406 0.039844 0.057813
3 0.049219 0.384375 0.021875 0.050000
3 0.104688 0.490625 0.053125 0.046875
3 0.075781 0.538281 0.039844 0.042188
3 0.298438 0.461719 0.042969 0.042188
3 0.211719 0.494531 0.036719 0.039062
3 0.230469 0.444531 0.035156 0.034375
3 0.180469 0.553906 0.036719 0.031250
3 0.264062 0.556250 0.026562 0.031250
3 0.303906 0.546875 0.032813 0.039062
3 0.704688 0.384375 0.041406 0.055469
3 0.737500 0.400000 0.035156 0.050000
3 0.732812 0.513281 0.071094 0.092188
3 0.832812 0.405469 0.048438 0.055469
3 0.796094 0.450000 0.039844 0.050000
3 0.789062 0.563281 0.056250 0.044531
3 0.800781 0.497656 0.053125 0.055469
3 0.864844 0.469531 0.066406 0.052344
3 0.903125 0.422656 0.039844 0.063281
3 0.946094 0.459375 0.054688 0.063281
3 0.875781 0.548438 0.100000 0.057813
3 0.348438 0.420312 0.032813 0.042188
3 0.410938 0.451562 0.031250 0.036719
3 0.358594 0.535156 0.035156 0.031250
